-8.949137367867468 -0.30417162200050823 -0.7352631655072761 0.5623792538737521 
-5.524155454532611 0.7414079659670654 0.7786940675347447 0.6287478864303775 
5.705167194072732 -0.3949359551289395 0.9889762600026453 1.9206101175409647 
3.5732124187479855 -0.4239432880589282 -0.9138900468514621 1.4238942876780278 
3.537147347485556 -0.47903402316363697 -1.0164968846459477 1.3306348982769873 
3.8627896015782497 -0.42867811271410855 -0.51940998256982 1.7031010611236685 
-3.403237697593939 0.025434107528621075 -1.1992016117313795 0.47830406052478674 
-6.202088157829282 -0.12823735849430806 0.7874677835319012 0.3285864735428191 
7.905841106138485 0.8977454621782872 -0.1527463668424701 2.103773692712458 
5.417157100768449 -0.8432109007494915 0.5664081062927536 1.637504455938303 
-1.9146380354691122 -0.7434696992457323 -0.13910955882974746 1.023746366028341 
0.6352739214431367 0.86771311814608 1.0792242818773012 1.3399037738064705 
4.693279029013233 -0.7822314272641708 0.198477194907146 1.8165051862234325 
-5.299346797664175 0.7906053058523894 0.5118065015082347 0.5466193413442635 
4.045164135194742 -0.7914416239799744 -0.6247080184624085 1.492677986564202 
6.559537818551291 0.36399018048722115 1.053198848416571 2.0181213605797073 
-2.489729993893029 -0.7660431282340029 -0.9543301018632392 0.6202260828084735 
2.7814913020455414 0.31885973934018813 -0.9693704620473992 1.287173789556437 
-4.30345541083039 0.7492925897129392 -0.5658838565756588 0.4820315552990184 
-8.106863153604795 -1.0686176014849962 -0.3506169691034564 0.344130757379951 
3.5878483476202803 -0.5910958347310983 -1.0615743218136247 1.2720838490292217 
-9.51360423382743 0.007429553922901386 -1.0773374969108702 0.30493529256375124 
-6.1795618855456595 -0.1841509930899477 0.7070468296175112 0.2514559527994658 
8.515652243698469 0.5554492379964153 -0.8479533770719336 2.109794179080134 
3.4617336506465186 -0.2473664907361312 -0.8818571495351021 1.4809815778478117 
-3.0671356565448242 0.14823519400851196 -0.7746059443647071 0.9584847604729378 
-9.414127326872453 0.14247318259016253 -0.8468196674076076 0.5431999874009856 
9.284868142100752 0.04750328545800528 -1.0821791059919699 2.438726364933189 
0.6173389743905577 0.8729587414692468 1.1095131096842348 1.3577706462524473 
3.9671267764035107 -0.9938692225301305 -0.9371236424460004 1.227969528500092 
-8.821172250748841 -0.39110076653379344 -0.6467803663342832 0.5904196027207846 
0.22194324138142107 0.06274850318228015 0.8180944232033839 0.8650653394401837 
5.815732061831289 -0.5701687343735181 0.7731642649408542 1.6692959278893482 
-5.440294537248784 0.7037183522501346 0.6224563128789614 0.5375536846266681 
7.952397367494232 1.1839968549386277 0.09057883539796904 2.4038077190031086 
0.6562997986553256 0.4480923046408687 0.6301582475926143 0.9057342984427297 
-0.8318815986938422 -0.6512729634336986 0.7614130215020859 1.0081049363444348 
3.5492606064173984 -0.24150835035012497 -0.7630867772317191 1.5810363339420626 
6.712352426423202 0.585074602374554 1.0782736425621686 2.1256137739617023 
-8.591901235722347 -0.6844161806657447 -0.6172965784814661 0.4789584965051333 
5.304009662422448 -1.079426326163626 0.30831856002117963 1.4502252374489328 
6.019803392524256 -0.21389438401779431 1.0119679687582848 1.8721837289904115 
5.824978022448878 -0.2621782201512927 1.0770097370644338 1.9706679850488746 
6.56022293253217 0.07115829564035536 0.7595207509124523 1.7247624456721837 
9.906461915459118 -0.54266393847481 -0.9656078094250622 2.613582328201568 
-6.426941352258582 -0.19227938863135294 0.9406669111627598 0.47685576773221705 
8.694698576060546 0.5452501861576455 -0.8668000629427691 2.2639671840551125 
5.891746975890335 -0.3079176718672757 0.9979619415997036 1.876100868781716 
5.820326558454102 -0.41160421332658526 0.9296833667179377 1.8245761894018382 
7.919473122782701 0.8849943943673857 -0.17830648637164512 2.094829503052825 
-0.8574492063052102 -0.8839388047403098 0.5266055046532887 0.7900653815437997 
6.3971116258404095 -0.14165924678059216 0.7381781332827462 1.6405939039723225 
-7.890273916276964 -1.114099348725875 -0.1510421572081185 0.3395285819389009 
-0.33862402020117344 -0.05085171188242987 1.224550498011119 1.248042365668323 
9.750682978958462 -0.06198563580839822 -0.6891806977950963 2.9095289466177574 
0.2784498355297149 0.28284388173383296 0.9694610387442453 1.036214637141982 
-6.863804492220924 -0.2588026736243601 1.125862244608569 0.7931339219372806 
2.636290981273282 0.4909338896428228 -0.8681660278674513 1.308507779495621 
-2.147441618348738 -0.8615889344501235 -0.5685073042454976 0.7834552764035608 
-3.3963669903273797 0.2966484982146329 -0.9230987315140501 0.7566504186447379 
1.3100431382058648 1.0435507000763113 0.33516297898220354 1.2173273251138643 
7.2419983457965635 1.1044579042438005 0.8604395895203627 2.349027293277899 
-6.027896715709396 0.1359908719141459 0.8510566739349491 0.4307489798047158 
-4.649612258995701 0.7749627954954392 -0.28580288970397516 0.4050920678723937 
-5.087076608482757 0.6532981742819337 0.0886580313080581 0.323948308953922 
9.929762314040445 -0.5237637863688893 -0.9151520840448691 2.6592861004281074 
3.9674510004001853 -0.9531447756578164 -0.895941045856808 1.2689620245318138 
-3.343262087149763 0.21789487235996538 -0.9621438838852223 0.733409900472646 
-3.9264528668289023 0.432022061831552 -0.9821912959116529 0.4005640028904378 
8.962476080766201 0.17743782137004788 -1.1635999221613624 2.181819297885397 
-9.798898437419172 0.29231723998149994 -1.0039661515722431 0.3022156996329154 
3.491075058864478 -0.22140490493461928 -0.818543426855554 1.5388082464167805 
-0.712346740094592 -0.5464506801824907 0.8639910772699795 1.0384043004184385 
-0.3616087454271426 -0.0779765008787387 1.2111317889099609 1.2402880155277272 
1.2336613984420275 1.1869797986386004 0.574058206804815 1.374572097971843 
6.443548451326603 -0.1264924024711254 0.701000258425725 1.6185886646548648 
-6.5116662322465295 0.05617780502788253 1.2566875802819235 0.8041130950290851 
2.689489417625321 0.2512500092433819 -1.0851386904082554 1.122979910982676 
-2.9827944404422757 -0.4206316981664039 -1.2499180800207388 0.4795938939523348 
1.7391176011327083 1.1394422646834568 -0.013952709111624773 1.3435254359889437 
1.868820344307382 1.2430853649506757 -0.006465104277146194 1.4926518694395754 
4.385009406430417 -0.9863380848470846 -0.3610127442527456 1.5109315024011714 
-0.49368219867207586 -0.41144295583663304 0.9430226022845948 1.0142592415981952 
-0.7773007848100839 -0.7911801146924412 0.6229870846818296 0.8353919643006165 
9.448557766015039 -0.17002033085475501 -1.145960040464289 2.4261995787459525 
7.2928786255719125 0.9121701288780635 0.5976218400924878 2.1391048271119635 
-0.5764931283646479 -0.6624257314084216 0.7210408265281363 0.826642405811212 
8.900066856400137 0.6135140154825327 -0.7529176837308194 2.547696951771505 
2.0921449668336294 1.1638884198152164 -0.2013099197204573 1.5294495238389851 
0.8166736461841584 0.43868821832544386 0.39446521671929097 0.7949105473212488 
5.1593128268895505 -1.1600762842301184 0.17389814342581877 1.4169024347741752 
2.6285132518062877 0.6375954097240144 -0.7245041274299826 1.4473662838667434 
-9.068683695316953 -0.3433648589711177 -0.9320142392762303 0.4090380891333583 
9.57548224162094 -0.31276437824435366 -1.1512954966617097 2.4426711120703755 
5.81842699867455 -0.5355108499763542 0.8066258287804302 1.7020285069817453 
7.444974347146907 1.0191821681837747 0.4993647864052549 2.207049169212776 
-4.088898483167163 1.0941357729885908 -0.3015820839323527 0.9466777834703006 
-3.5140774261029577 0.08140302175610536 -1.2139538491712056 0.4211688553310244 
-1.8227993061983216 -0.7846108651779722 -0.06554010507093158 1.0171720907610053 
-8.559736381455256 -0.5931023700767688 -0.4805886063990406 0.5928891835653042 
-2.9601950859177535 -0.21352038639717588 -1.0167085262254978 0.7106569177969998 
-1.4893093568200495 -1.1279816493125034 -0.04990305643814086 0.7303287449167387 
8.56861454049437 0.8442755719175672 -0.5663984740133314 2.4446971409450957 
-8.693322055607693 -0.7793426123383103 -0.855591495213524 0.3078426349715105 
1.8995375606698843 0.6814265261802721 -0.587874888062053 0.9441707163634849 
-8.886690974809596 -0.4136058465614479 -0.759802264118925 0.5100910559581227 
2.48134570356871 0.6287681187786431 -0.7743846012865928 1.297088587222251 
-7.608549576560623 -0.7750302394950856 0.43797765383270626 0.6622689595628384 
-9.881515077798351 0.4002206412600437 -0.9382976690430175 0.3314627896261409 
-8.662731518633159 -0.9385839090673903 -0.9716052286853564 0.17233525854502899 
-6.083574426579563 -0.0789616496480422 0.7028942072388585 0.26699448492077915 
9.035535133549494 0.31217343527406116 -0.9925112179877615 2.4010443363688334 
2.4420319370271315 0.7764831065565325 -0.632523643669247 1.4092051659407472 
3.9745522086377694 -0.5685606670960868 -0.5013240578352112 1.6593979609403775 
0.33108662116564247 0.16861397757580482 0.7892328241221822 0.8772060041878255 
-9.284223452147094 -0.2561493214878783 -1.1061956111379412 0.279119526182877 
-0.9304004467767779 -1.0763340183390735 0.3230381871973608 0.6366822715333216 
-1.49045235912752 -0.7893700717148644 0.2876616443424088 1.0689342294648898 
-9.959379950591458 0.40822135874458915 -0.961748727694187 0.26809956373629373 
-7.448483966314374 -1.000559241982865 0.3128230700753982 0.39315322769280203 
3.2033574137448095 -0.03838448996307286 -0.9747521567477506 1.400931207495875 
-9.400114259600123 0.10157075910606883 -0.8734639064690591 0.5168553319567153 
2.560186953019066 0.6944263280075208 -0.690464349161232 1.437003994897132 
-9.165657005541588 -0.1089643349852128 -0.8193489724137637 0.5471566452807219 
-0.639393037890672 -0.7974369138286661 0.6017296609458052 0.7373335104341276 
-1.8181128700761349 -0.8173495624311504 -0.09257976929561748 0.9859819344248573 
1.1937049974047458 1.1972681461753694 0.635746279699949 1.3943158704389054 
-6.344716826477155 -0.12302526208570802 0.9365749701344788 0.46868297326379954 
4.0969832384031 -0.5420488708085947 -0.3027994614885881 1.7808536952430358 
2.281403476047723 0.6039257052861406 -0.8063343602609129 1.102221355806483 
0.1912138208634424 0.32903097196411374 1.1207545100636656 1.1582856057010953 
2.1995290389742657 0.8658318391607835 -0.5310619177821483 1.3030764105373605 
-4.275755076390726 0.9487233220456319 -0.3803485426972475 0.6946311965864171 
-7.672967442403724 -0.7063622040476651 0.4573266996655557 0.7415658168397319 
-8.475063877554298 -0.9068568414017081 -0.6755233176473742 0.3348743862000515 
2.2753095110444654 0.8841150701919096 -0.5254748526482387 1.377684433764102 
4.635825580029911 -0.8020915696922537 0.11849026424491198 1.78473808431394 
-5.857271151551833 0.6284815549920664 1.1259895414388468 0.7720290433952828 
-1.2586948089412946 -0.9878372118707557 0.2709124767278129 0.8455830912590812 
-8.252650804149809 -0.9670072664353305 -0.4336210610687361 0.3926900016564508 
4.720453975178254 -0.9300777842165053 0.07795460125300349 1.673159860449712 
7.578501683724269 0.7717797321590549 0.08149379627161973 1.9431691988218462 
-1.8926204440504524 -1.186657503923505 -0.5542950240751542 0.5895721472321165 
-0.6477326270403516 -0.487860928797387 0.912972838322442 1.0527988595910558 
-4.726745953040901 1.170477629269057 0.18493716827577433 0.7939135624543483 
8.412936972080146 0.8895870043344839 -0.4885233673512155 2.36114303925928 
-3.362909490715465 -0.03621670579534919 -1.2313404676971489 0.45868397984555626 
-3.288118743645194 0.3525293206583454 -0.7827572605737285 0.9263053974513598 
-4.457632775414952 0.9847666637075432 -0.23496758903845677 0.6573772364762072 
3.091377554122978 0.11789882531030765 -0.9310346602484021 1.4299548414400705 
-7.785894013582433 -0.7935354279879672 0.2721825297519202 0.6632005998218349 
8.621424170023452 0.8002275248953866 -0.6137580691565933 2.448767860863031 
9.579896972098098 0.05289023871262252 -0.7806052293213332 2.8138393680032254 
1.009600853385395 0.6854288666632243 0.37100806896553684 0.9450418658907588 
5.55585821465125 -0.41604833294802207 0.9957813591271159 1.9917888901557823 
7.752813416846124 0.9582770760903982 0.06438594601794186 2.134593107991483 
4.471881928051895 -1.1832106334165315 -0.4501884261322707 1.3519152768411926 
-5.881905494019537 0.37195393040386787 0.9019189784608981 0.5366883419376434 
0.5933968835042407 0.7402787167206173 1.0101442955430495 1.2422339353605791 
-6.46034613010416 -0.22417535842537065 0.9364082141459877 0.47618019084657387 
-0.48329756209821007 -0.48691914262773417 0.8632497952621598 0.9306019748880761 
9.927532068436356 -0.23343968257988457 -0.6278578541457636 2.947055198445993 
-3.6400454066681682 0.4969947691322203 -0.8593956600594752 0.7138156802500798 
-1.8017603225185042 -1.0203307690788925 -0.27580062350780865 0.7882385940503609 
-9.702220738185293 0.0027491406719879485 -1.2329069723925752 0.10785088873101029 
3.6512741637775825 -0.3524627413472878 -0.737463422312401 1.5761340854667225 
-9.90152540718356 0.6027879312413182 -0.7445959981095723 0.5154162065022452 
-3.325431292741799 -0.026229856370812404 -1.1921839384405302 0.5080630178638228 
-0.41562561812946264 -0.47317367163208995 0.8454525916666433 0.8898780117581888 
8.882532816365778 0.7085136686204556 -0.6640989165409596 2.6233331728039606 
-4.9317123624084225 0.8119790928625514 0.05350347226598515 0.4466208972652833 
5.478553843055957 -0.9981511507544365 0.4158008468427192 1.451963846279458 
-3.543925363704446 0.2738112214299998 -1.0379047164388473 0.5838448822598494 
6.429040136460042 0.03707153747042008 0.8811153300294642 1.793729592230078 
-8.40418314485211 -0.6291809239079189 -0.29962075760085344 0.6547682241113093 
-4.589404005844271 0.8062887653872776 -0.3088332881786249 0.44579479769024055 
3.8573431874570687 -0.5265976487588868 -0.6250146592295962 1.600280189389547 
-4.4404163137382735 0.974610366890214 -0.25726459757000864 0.6528062339032623 
-1.7546102888958277 -0.8122315263452788 -0.011858404325491595 1.0099922964824348 
-0.7356133851063724 -0.7811097719979848 0.6313515710963411 0.8190114411077061 
2.636846209183698 0.7583551953444079 -0.6005274424212783 1.5764872730105894 
-0.5948340091455169 -0.4362748153321626 0.9523379931257074 1.0663476403375851 
-5.643392324665577 0.3080805734809676 0.5132705633564068 0.2797870175555617 
8.465684156007196 0.976536474748796 -0.4163971341718429 2.489496879931303 
2.888205817169789 0.4789570157181342 -0.7397960157436165 1.5631251439521903 
4.205368349634686 -0.8520869652649046 -0.4634667289051532 1.544886944132339 
-6.8930393477975604 -0.29780973924402415 1.0946697039311868 0.7768633996962362 
8.057777865899759 1.0861136753398406 -0.09558009775364429 2.3452452006741846 
-2.638255036179036 -0.40278605826007857 -0.7964116984215832 0.8476733993741348 
0.3228927828022812 0.5378450300851645 1.1688553325072186 1.2533500909809216 
-7.971152117138374 -1.2358869872577218 -0.35964616151193973 0.20788345606497644 
-2.7658851294833138 -0.5567300089049667 -1.1200474573648282 0.5685672759305038 
-9.271663118365534 -0.2283509925376549 -1.0641345297171365 0.3198396142342669 
4.516608220821022 -1.1489027438584873 -0.36253909656141636 1.4029123787736248 
1.422791531386494 1.1470382566166206 0.3054360230431903 1.3108694261383524 
8.683138334982761 0.8921524661606737 -0.520707337386346 2.5995441650277815 
1.0168825974898166 0.77929561343895 0.4548430392019095 1.035861581180969 
-0.5175364775892621 -0.40514449760612514 0.9586368630581381 1.0391590075809223 
-0.7250670944571098 -0.7792490005180134 0.6323915883839908 0.8139961672706331 
-3.0647189033763684 0.15402090443218192 -0.766227706269373 0.9668581695377079 
4.215855275806126 -0.7019968123812717 -0.2991383995155259 1.7016188862501482 
-5.9755495461942925 0.3445403059435286 0.9947862033157447 0.5918892114181575 
-4.337613744262992 0.9632096830132747 -0.3334436155625282 0.6806866421388194 
1.5647703842005747 1.214387487961625 0.2204315500241596 1.3837895550073727 
9.659663292170176 0.030867750309227837 -0.7089418172839768 2.8909245088072475 
-1.1138870488197323 -0.7475999003419022 0.5909969771616342 1.0444113848640746 
-1.4978595507688297 -0.9803804181735338 0.08983299950757263 0.8778531004508863 
-0.5246723154187514 -0.41548189572813055 0.9509356636633971 1.0343329427861856 
7.754055858908512 0.7012428657791727 -0.19400914463334015 1.8777039603935677 
-7.843988331903056 -0.7267002323239149 0.28324297078875316 0.7296438232977887 
-6.455603060458149 -0.18245011080283566 0.9742874877612492 0.5134832951179084 
1.6426342573335422 1.075069237886269 0.0058723148937108866 1.2561732004595045 
-3.6055697129637077 0.643305589685542 -0.6984824586883629 0.8930851976675558 
9.652887698696148 -0.2662994270463601 -1.0142583868820365 2.5853829311467242 
4.841155877279636 -0.7941489426345292 0.3259833957696626 1.8203112529972212 
-7.186535178279668 -1.0040882067253518 0.40029905843971136 0.2687247178124198 
-5.813757901162884 0.20903688668177695 0.6484886441416288 0.31578977572586764 
-9.914517897892141 0.5123560724340641 -0.8404955588969845 0.4129972933686458 
-7.526147631696231 -1.1445768923684065 0.124158252177896 0.2732981473243349 
8.8204232265178 0.39867560546668146 -0.9924245490523134 2.2462729529631424 
-0.09771354714123248 -0.30451895170515986 0.7882690044545624 0.783315405705612 
1.83126521251552 1.248326210232218 0.02452322964859943 1.4830232259595046 
2.724434189076801 0.6626147991650131 -0.6567933548307319 1.5706197196996294 
-7.145899611176636 -0.6864836948719517 0.7235050399908146 0.5625197285091513 
1.1368423881543777 1.1141578998903978 0.6273090619701527 1.3272458234348596 
1.4036647747123698 1.1525849390290135 0.3328734950744161 1.3172143622617032 
4.938438940016361 -1.184581559224453 0.014107491327230964 1.4285805030094882 
-1.2080537700088083 -0.9036599969034291 0.3861068315767899 0.9174735951309043 
5.269896696479737 -0.7520735861160956 0.6255757090912966 1.790328410329064 
-3.190187400338771 0.07379781457655424 -0.9735973163855435 0.7520841190037286 
2.3764125113599626 0.9479559111883971 -0.4659686181371439 1.5235430989114882 
2.488953902088536 0.8730285339593198 -0.5287405219970356 1.5483514230127275 
-7.299002922834754 -0.6702461112977744 0.7065907534739269 0.6616225893324876 
3.0401801304782676 0.08435310526992021 -1.011747833384079 1.3384077911416876 
-7.784565905491516 -1.0911574740264733 -0.024205783634434624 0.3655482873132124 
8.728419188307363 0.4220572265303098 -0.9865540866845022 2.174332676770328 
-7.044548533159367 -0.5699516950340386 0.8438534068185011 0.6143352342519335 
1.494201178620445 1.2068743308827785 0.28632658056945914 1.3709670164847205 
2.125195155999233 0.9486184076757803 -0.42803093160817707 1.3351915881151437 
9.871323460417841 -0.6988292930451119 -1.168921258107084 2.416551055271264 
1.2088033981509323 1.1193332680968482 0.5382790679977063 1.3126302289259748 
7.466232500724399 1.1130609331364925 0.56540407025708 2.2971619563877335 
4.184321980801432 -0.6088370127305154 -0.2489189499564331 1.7745229322857443 
-1.5230392315508894 -0.9738979895248172 0.07270080085296168 0.8836891111069876 
-2.002917043923487 -1.055364261536394 -0.5660821430525 0.6712073402920951 
-9.455957335135212 0.1512607217075903 -0.8794275637322955 0.5085344893644658 
0.40012868030711957 0.41801554862300055 0.9494895630325955 1.0693028545907766 
5.206437346762655 -1.022124611936579 0.33248978396044526 1.541406533279184 
-9.073634778692142 -0.3330217960192414 -0.9280304432973465 0.414536549502741 
5.001177038425661 -0.7454909398528724 0.49788946876471957 1.8620141322893773 
5.281008733817405 -0.6981286321209921 0.682985870293952 1.8402252490074527 
5.202638638002989 -0.7921700911725246 0.5608913992251314 1.772516779069766 
9.672864064445868 -0.4947870911785378 -1.2186221342211974 2.3815578720274964 
-2.6162191281254827 -0.5978545647497047 -0.9614550399627443 0.6734836464526581 
2.4783057892640095 0.7315329326407535 -0.6721499359367182 1.397065644219983 
3.275788676076628 -0.03913234177002062 -0.8963479550902567 1.4822657474654726 
-5.156792240938017 0.9469465720939636 0.47399837652593796 0.6411740918388553 
8.282842568429157 0.7550955073958687 -0.5701796563133095 2.135042872239337 
0.2565324380706322 0.43703435273286495 1.1505819659460346 1.2092914768771885 
-4.30726610664538 1.1378430617146804 -0.1753426048988932 0.8688256856040255 
4.4412775461375915 -0.8857413480350855 -0.19006994103207858 1.6368621575783635 
-0.5309884427177849 -0.29081157905427685 1.0778813087765782 1.1638606256029487 
-9.534046685573973 0.3311851080043726 -0.7719024184373906 0.6075602293113818 
3.350990658934945 -0.018215134657172644 -0.7885002711751512 1.5877348383646064 
5.458462425868669 -0.6001544544882584 0.8129657552241394 1.8602736958676256 
3.9116200701263786 -0.5710093043535251 -0.5927459670875561 1.603843670099611 
1.2990662245070226 0.6804889347516542 -0.014420587878017033 0.8559030005154523 
-5.1892183374182155 0.6691229871914235 0.2396329033508775 0.37583027407326247 
-1.3954696068443369 -1.2536431451409054 -0.09454368529352822 0.6007786346929389 
-9.960257878833925 0.24361408861436878 -1.1266635988305589 0.10270463062659552 
6.8608585954631565 0.5278567624754321 0.8195159931110709 1.9677076178321835 
-6.598466488616596 -0.040142444388102994 1.220650587568799 0.7868719611903865 
-0.8108571767025516 -0.5448551509583195 0.8689001168777684 1.1021374257846215 
-5.124062727502858 0.8312447122976663 0.3149361422719644 0.5138447047578951 
9.533410479245454 -0.19900385922528163 -1.084690165563425 2.5037782097081376 
-1.4937793732767481 -0.7704071042571483 0.3035693928820898 1.087872113182984 
8.13713972155523 1.1081934825420892 -0.13137377197574618 2.4042877675872982 
3.1668689186916037 -0.232907985337281 -1.2073149838249346 1.1649383293452733 
-0.4039065444263876 -0.5644174361916443 0.7481287808167041 0.7890102669806295 
-8.899012030025384 -0.31474604464771694 -0.6778102022364059 0.5978259174653566 
-1.7018465961458613 -1.2499067474464831 -0.3891570293497174 0.5850274888073539 
2.062159588276833 0.8525132031095098 -0.501005550528109 1.1998413430983375 
3.5467009318032776 -0.31571280944893804 -0.8406542607530982 1.5041156925381527 
0.9495118020271427 0.8761294422498431 0.6450781388181828 1.1626031822020595 
3.8282987750251323 -0.4848668611760608 -0.6242120216928926 1.6155550181892653 
5.999056067976234 -0.5183427137386123 0.721885105020229 1.5839258082060765 
-6.434744715031158 -0.3385071904073558 0.8010094979355872 0.3379361977088824 
0.41095209107246333 0.3676344930572636 0.8848930581388931 1.0101034673987068 
1.2121792108359806 0.6602719019132156 0.07486847893187665 0.8527597091969636 
2.6679405339303575 0.37973269063343584 -0.9663150324033838 1.229364818137421 
4.261625400855646 -0.8876985637711078 -0.42323682488297004 1.543785809193361 
-1.4215951294049525 -1.206484680644967 -0.06894629464900448 0.6498883240938715 
9.852664015272069 -0.14973209552254102 -0.6446286873621689 2.943741625462385 
3.3432593633354486 0.048509683354351935 -0.7309218686451326 1.6458106258809289 
-3.627540817539508 0.5523336284663846 -0.7989458477337916 0.7810441737431341 
-9.727440857141161 0.06545913441921022 -1.1871501467553591 0.14544024416081694 
6.406212265141459 0.1800561725205891 1.0497810525453257 1.9549987177792674 
1.7865372458568007 0.831779665088139 -0.3591096179041051 1.0505682754905483 
6.472734548541538 0.07095093353694165 0.8646239697527384 1.7928598387333547 
-2.7042790084889257 -0.5782300878648513 -1.0606152626773293 0.6083302726460054 
4.187885214898802 -0.8371320720701634 -0.47234305718220887 1.5485593305182601 
-0.8282732798706132 -0.8704015786587332 0.5425123256754519 0.7868734512031527 
9.671639655132573 -0.07567156352415297 -0.8009936392170406 2.7991641955580664 
7.544215138339116 0.892597345151129 0.24502882278939694 2.0665736541578323 
-6.740843867939268 -0.521805700419828 0.8171326569114348 0.4296659634878536 
2.763198551993497 0.6343533502869385 -0.6643343988654715 1.583194151512404 
-2.577610880700238 -0.4033795799044492 -0.7139573617100956 0.9039558120654305 
-0.70100238342404 -0.9066060537604093 0.5025740248486346 0.6706783378123797 
1.74336730333488 1.1118698611779958 -0.04499238749246515 1.3171796760603935 
6.6294947828795046 0.13761788168718447 0.7388209648709592 1.7386965657638498 
0.3512489591733683 0.4360734964230845 1.0309464334820553 1.1277517800994872 
-9.396596512343772 -0.07266589873487722 -1.0440911096801477 0.3462726272697846 
2.1672725407268914 1.019678837534864 -0.3693719960933966 1.4343639756293094 
7.007517145453715 0.9415776703204821 1.0278848308856179 2.2942095380851004 
9.727980056517914 -0.31472628691603644 -0.9705338306345562 2.629187256898011 
-1.0785698339318888 -1.1444107509353907 0.20946130423002923 0.6346280576427235 
-3.184951170274701 0.30175319528581795 -0.7406519040562909 0.9856508917631659 
6.264364028361314 -0.26542057480987946 0.7532224777784498 1.6243310322974387 
1.903513164436614 0.9675076466772441 -0.3042629069411172 1.232023667386723 
0.4706649006386847 0.17281550382111582 0.6106034810295039 0.7675282153662363 
-1.3584701910871892 -0.9938784881937899 0.19439924138493883 0.8566410458816094 
-7.881613022001588 -1.1182403547863222 -0.14624994939730987 0.33605796906009655 
8.132104254161977 1.126274768276834 -0.10984869712920281 2.4198385238223468 
-9.40603244871912 0.22661550468997138 -0.7544643891184235 0.6357521810967299 
7.292997077161072 0.6892192891121552 0.37450768277398416 1.9161155250855908 
-7.058981289306711 -0.8706006252959764 0.5435477409998279 0.32334889497308317 
9.240403381154149 0.2433922518234447 -0.9229905996976312 2.57950978299662 
-3.8788378056253903 0.8235523908375222 -0.5890219109854815 0.8297925964358066 
9.958837744586575 -0.6006595713601743 -0.952375205409054 2.615488168503074 
-1.428163405300463 -1.1071403290407669 0.02485461824446003 0.7496181004147187 
-3.105711133683937 0.20142314939712253 -0.7620593570075822 0.9703251647755002 
3.719456548233566 -0.3911469148877705 -0.6825423769105914 1.6056431491444496 
-0.8467855099988277 -0.9544725823677489 0.457077151030397 0.7134900224527994 
0.6876086640251504 0.7031203723412291 0.8411952993469147 1.1396093401024876 
-2.7154158615854733 -0.31056019691728126 -0.8077204842694933 0.865035987866047 
-8.475200793262509 -0.9874767779319584 -0.7563342763210681 0.2541689021038078 
-5.600595879003176 0.8139515717829175 0.9590890887104406 0.7543222170924533 
-8.097389561287915 -1.1429954568834466 -0.41348468317597226 0.2725010145778236 
8.226780637167195 1.2009447278372212 -0.09459040347481162 2.5462217258576603 
1.5399991830121955 0.7264637314985585 -0.24226979826747075 0.8934287175272202 
-6.268892497140488 0.17868179738734724 1.1642873335057633 0.6986406146380844 
-6.484603675643809 0.04670968604878206 1.226552717854675 0.7696190665021019 
7.4901710293046335 1.0653715145817775 0.4866618602459392 2.2457441061954277 
0.9251371940653321 0.6292341239111583 0.4322558207834865 0.927458990754978 
-1.4043708954529457 -0.8730908693168118 0.2787505888450377 0.9820706845942757 
2.5601858363007235 0.5682509871162083 -0.8166400099828373 1.3108275765190873 
9.990345202023661 -0.4416997797103335 -0.7500897189882655 2.809853684420462 
7.020240202249504 0.7547895993331785 0.8231306781259093 2.100512187508977 
2.7066494590772017 0.5007133831872144 -0.827539481564175 1.390190293595842 
0.5829999497953224 0.40529290467721013 0.6895769358481859 0.9147950442962298 
-3.5563171751282763 0.3839375874355797 -0.9342275887300409 0.6817304067246679 
9.45948251436581 -0.13960567571874846 -1.1043059455172977 2.4703461215500364 
3.386232244789639 -0.4028828074002272 -1.1309008257837079 1.2423384796616572 
8.884963979049203 0.413456594429382 -0.9583241440523558 2.3309510977233976 
4.515537722940374 -0.6889904855847446 0.09611441763638809 1.8624476709385502 
7.51315453158465 1.2415106581727544 0.6332988756721045 2.4188188064731233 
-9.905602447585824 0.6206048318290752 -0.7285193927959164 0.5294630731359011 
7.962343115858484 1.0372392978868832 -0.06504487859638815 2.2602806550884353 
-1.5986690772906194 -1.1352790914292314 -0.16353665301641265 0.7165896988741184 
-6.446119361472473 -0.3437935038939819 0.8051761776764439 0.34328677543893843 
-8.052807667809553 -0.7646497277862243 0.018130776556790434 0.6626118224534239 
6.066302933209915 -0.42628684214220697 0.7654723059489807 1.623139364082341 
-0.6346957381400138 -0.5858818828436588 0.8123027919469851 0.94555332537053 
7.187356659015872 0.724569190675925 0.5569931872387788 1.990493511727208 
-0.046615890572724084 -0.21221045378060677 0.8333022316974996 0.8297378148697948 
7.353919102782417 0.8134394473060692 0.41536728013243873 2.0221863406941685 
-6.033395826955513 0.31338032504783986 1.0351448301659327 0.6131622377437123 
-2.5742004190059227 -0.30634122468573405 -0.6122118332913149 1.0041369463492191 
4.166409353238247 -0.8420067168310864 -0.5066432402469705 1.5294700723751726 
3.2623335820714665 0.0748411838281042 -0.7974307067790714 1.5810276630298494 
-5.853843603829789 0.5128777360422754 1.005845370360107 0.653497166540348 
8.214055359807645 1.2004439944012084 -0.08777008711258105 2.5382664954994754 
-8.57617890751305 -0.4596972803267792 -0.3703772150933597 0.714829088812559 
6.607357077203588 0.380802256768652 1.0101933155426954 1.9984947528842987 
5.718367463831438 -0.5492529937490077 0.8306950819115935 1.7575268600662821 
6.527304362953281 -0.044262661004399045 0.6843863721862888 1.634813983261884 
4.830282443842574 -1.2692858744780628 -0.158606707909189 1.3447484243627432 
0.5059103969854011 0.5999703250876679 0.9900999841354869 1.1672589521490917 
8.735550168893127 0.3434740230556633 -1.0642047311844092 2.1029440558720442 
-8.053047564350582 -0.8890936415663644 -0.10659571415250801 0.5381097740843748 
-1.8237926711902208 -0.8439730280095578 -0.1261123017488745 0.957478980643862 
0.4584751087144632 0.29056570585835995 0.7447129252332847 0.8948992528285062 
6.852572485344691 0.7464282201702772 1.0495437233896205 2.1915944316140274 
8.04291909148565 0.759084730309295 -0.4109349883691844 2.011993654060124 
-7.629295503932987 -1.0719818227733457 0.12568265522471248 0.36918064216866264 
2.2864139521577425 0.5186648147763532 -0.8921070128550407 1.0208678744783046 
1.0442984963955588 0.6456487527250785 0.2835850640311919 0.8911540323682507 
1.154777708366229 0.7609555261179248 0.25037225240163974 0.9686599410457637 
-3.8203116803966015 0.4929042812609362 -0.9132697249127211 0.5475816041732994 
9.690231297499714 -0.29264056801073973 -0.9952674835344455 2.60507497323328 
1.95779540506126 0.7391389751875029 -0.5643179616812917 1.0293519059997571 
-2.6474775028279973 -0.3846555181303949 -0.7907913890521031 0.8569968095051264 
9.673688522852963 0.048998139279749026 -0.6738349959279071 2.926359142972963 
1.6061990876615049 1.1026313317836003 0.06786257811465196 1.277496510267585 
-4.8151469698957445 1.082342780558766 0.1901949832255299 0.7054645706445284 
4.988398644155458 -1.05566152366346 0.17900753658372856 1.5532986519240959 
-1.677707958158825 -0.9167081989118094 -0.029125885161039172 0.9231298097114125 
-0.8641223961561941 -0.684522752061667 0.7253107754327452 0.9932190099755396 
5.266480921442984 -1.0735666721126826 0.3029832366292282 1.4700590906730988 
-8.807981405524153 -0.371425846152411 -0.6087364686205894 0.6214511115637225 
-4.0896157558545365 0.9321762865501653 -0.463377692583023 0.7842520571561402 
2.1560884437337595 0.7521650409743705 -0.6338286027394289 1.1592313072050877 
7.702875864847176 1.1271240141655465 0.28905017818869294 2.298906247457851 
-0.3867066450340868 -0.33122245180841114 0.9720739903154341 1.0079853531364733 
-5.0498902041572595 0.8666230977413627 0.2541683872046011 0.5265502683891548 
9.123174652863952 0.1245644545362247 -1.127348521735877 2.317599470797439 
9.70660977921347 -0.4075513663149264 -1.089983296102521 2.5102529554533026 
-4.116509202346168 0.6127412018203717 -0.7761509776400469 0.4476416671211444 
8.14463302980008 0.9723175059830744 -0.2723162586116758 2.2722236066534665 
5.857223790740065 -0.20543139520888343 1.118407033191399 2.0040532925404104 
9.886220684218987 -0.4608045726811104 -0.9109752431007141 2.671964516888119 
6.837459446485489 0.47154364039087887 0.7955000920439572 1.926503023366243 
3.914021314271494 -0.8042300415399317 -0.8225711739801493 1.3726998713528324 
-6.897400090464247 -0.6163247530931569 0.7772184797616616 0.46169873848880594 
0.3955360249733264 0.3610961188747734 0.8985834011383944 1.0161394987116759 
-1.8777423380934444 -1.164431248054516 -0.5133192775048838 0.6176313264183081 
3.9776436481242623 -0.5053999145618702 -0.4337966218353822 1.7250948388927845 
1.245896607540928 1.0261520767943955 0.3976830877510866 1.2111529077921193 
-0.38419346486529804 -0.13764663282649015 1.1642659191915292 1.1994742015902287 
6.664597659597927 0.20671411757890448 0.7626222559097492 1.7818135119939644 
-6.104022051040127 0.23332996880635398 1.039116833379822 0.5982560576514901 
8.906796544200915 0.21097900770951 -1.1529687585614925 2.1526369068851876 
-6.625678769270649 -0.36416191527084124 0.913595059000824 0.48720068722500753 
5.976884878665645 -0.5431836606136968 0.7118053064442013 1.5762614849031573 
5.185720924786853 -0.5959566954245026 0.749952076527028 1.9737252383246147 
0.12744663527938016 -0.029336996067875126 0.8354507645791917 0.8563873231707944 
1.6351807956280506 1.0927030903908135 0.03043505914919402 1.2724217007343273 
6.686031855724689 0.1730420020589965 0.7009521618369416 1.732512915465866 
-0.7244014277861126 -0.5805400276987884 0.8310434875413006 1.0122686847160287 
6.348685437865349 -0.1846758294383236 0.7477264986030048 1.6366449623167505 
-5.899845728921513 0.5980330556470367 1.1514340535198033 0.7783491486359111 
-5.232708232322256 0.6125132618598358 0.24200992182322312 0.3374319094115261 
-0.2756903122991172 -0.04738006805890871 1.1870686942350794 1.197638704230607 
1.7899967876582465 1.0174276560473494 -0.17609324966849474 1.2373763955035786 
-3.8206048460389237 0.5944009625542317 -0.8118171283928877 0.6488301114013086 
7.96088938844073 1.1323845988748054 0.03138956750815998 2.354947493118884 
-6.391288324474409 -0.17678126488525372 0.9252738790076718 0.45886330627580185 
4.479808501892391 -1.0726466772686971 -0.33006110136535594 1.4655769086012287 
1.1506981611542049 0.9723453286099195 0.46714650581872813 1.1812481859147328 
-1.3897900062211477 -1.0040129746940412 0.1596696035797292 0.8498963617188695 
3.9225607259388955 -0.4423697835437376 -0.4486348578940575 1.7419142531609428 
-8.296949855446101 -0.6687514139807247 -0.19389110525328046 0.6709142907913606 
6.969443373966062 0.8692959699493168 1.0092716780344027 2.243257938824172 
3.7833389308963916 -0.656546628774843 -0.859003083652021 1.4018988783614958 
5.9211382846023 -0.13259596828807008 1.1567670775382033 2.0293990981577013 
-2.3243851779867626 -0.6671550021765309 -0.6221774273019425 0.8546813384028521 
-8.631232430129241 -0.7444120249130268 -0.7328900351325993 0.3902747886155455 
-1.5224972708974711 -0.9447046663555911 0.10240944039878139 0.91290295585464 
-4.281373791728527 0.9732577268736939 -0.3530777111439661 0.7164375236657377 
-1.2511543789911865 -0.7641483993996445 0.499426253714862 1.067594623957648 
-2.7781432367756516 -0.14195288724587785 -0.7211285754507111 0.9709849887640225 
0.8339696129940286 0.9335974919310954 0.8649340948845552 1.2799661555758124 
-5.5980202421331775 0.6945545962653473 0.8360683681949591 0.6330759244600771 
-4.068947734935351 0.5123953013771697 -0.8875927234455143 0.378073622203828 
-7.611097151396313 -1.2413893203797621 -0.0302375934041704 0.19640670380585606 
-4.116798851155973 1.0374732930871327 -0.3513416604762583 0.8721920408798816 
-2.9072456513946747 -0.30293281116384285 -1.043391104916464 0.6769966732728782 
9.52674231820744 -0.079589520391369 -0.9726078909609721 2.614831946703033 
-6.172200714274878 0.2325735768200335 1.1156642164862085 0.6612586524828712 
-0.008223933363558089 0.10880987902947692 1.1169999033423 1.1162116644280529 
-5.144757033643175 0.8572772363247525 0.36832331746607494 0.5471151508876589 
-0.59209641061722 -0.38774272609722793 1.0001315586495751 1.112868225639363 
-4.825074718017694 1.1380255653920193 0.2568152945882733 0.7616016411368176 
-4.9029275267025785 0.7145032572958324 -0.0780114038291384 0.34504794626391677 
-5.207762941684928 0.6610962482845328 0.25666593571895885 0.37536444765681953 
-6.545944874031622 -0.0047215543581807795 1.2207017014755963 0.7746775786397491 
-7.520565145902629 -1.0585279075029972 0.21367510106787999 0.35779794998288417 
-0.5428991380472858 -0.5158053339340658 0.8570296371701276 0.947972582119061 
-4.90412124581197 0.8757668323987791 0.08465092697654211 0.5064651920307557 
-4.576486239639892 0.8803127505101823 -0.24595145984034222 0.5223031004951838 
-7.426694012765516 -0.9883880712315212 0.3361088575252045 0.3975470503525646 
-9.79536377368798 0.2986266931804965 -0.9956501927576384 0.3119502958049625 
0.9327224932959677 0.714567962955719 0.5069727603692085 1.0090839550284454 
2.523265679866004 0.7407283771667141 -0.653793735069242 1.4480719361766237 
-4.588562515650063 1.267694014465983 0.15184045144401478 0.9073568085498491 
-6.403772049076634 -0.2743276123293225 0.8387053215372967 0.37306066100288193 
7.360992127792038 0.6051319069158569 0.19747144873187633 1.8119855693138571 
6.018718981582914 -0.5513123918838223 0.6753139315425054 1.535614609393225 
2.6224306217555498 0.5395063723203335 -0.8248816309894175 1.3431960602585704 
0.43088698937156167 0.6864213436448485 1.177340094536709 1.3127749574879084 
-0.4433204034697109 -0.5486243009454631 0.7836493386224204 0.836953214051762 
7.863248276250893 1.0007043253113146 -0.008519249321251324 2.19606068721881 
-0.30781775844985937 -0.19443472040234083 1.0615419828321195 1.0782321285828014 
-6.953742039995308 -0.34932844442854355 1.0555696467391016 0.7709815528594328 
6.649752263554124 0.15960508574278548 0.7347557895207255 1.7456348487171947 
-0.41023178330823384 -0.16113218031096144 1.1547181174558043 1.1974965932310921 
5.528702842777385 -0.8969348874485361 0.51660288991877 1.5262118763222954 
-2.5349522824162403 -0.8200816675642222 -1.071539158931567 0.5261122998024103 
9.824005752125544 -0.27920714060435 -0.8118615971581855 2.7803599874061065 
-5.1640411310314445 0.8346066045148213 0.37133197341018076 0.5315415842793045 
-9.088949771759546 -0.40254202075130496 -1.0171285162449066 0.3299784548566973 
-0.34614386626716076 -0.5500357992077971 0.7299251062714933 0.7552149594372752 
-6.598614338145206 -0.14481008119935446 1.1160776531436325 0.6823372401624385 
-6.8732537315693865 -0.6515563265135323 0.7357641601972245 0.4077809452349692 
-5.516892270345641 0.816353491477937 0.8433705769391485 0.698860332016056 
9.10276341246093 0.6140373585094627 -0.6510406258883075 2.7825683059351447 
3.9507113888849776 -0.9250237888547137 -0.8914809801399035 1.283145265828941 
-8.011899005989754 -1.0779108029836935 -0.2476156956858791 0.358440765020343 
1.6488982490937119 0.8032678638535453 -0.2717062751286618 0.985579455056529 
0.41164749961897584 0.35714424829287944 0.8734873754974929 0.9990482705295978 
-3.144256039939675 -0.12972848197599438 -1.1323883183657046 0.5978163173196085 
8.920303253465889 0.27095438815292394 -1.0878217568684456 2.2276855165294203 
-5.49687022840835 0.984235161905965 0.9829384479305046 0.853610731729495 
9.143173870410081 0.43564729954865894 -0.8028605151924256 2.652821889757594 
-6.536003365991185 -0.1433322357423063 1.0750125661539751 0.6269708053896832 
-5.35813538493473 0.8167951477929409 0.6199390633463151 0.6033373600468086 
-6.279182728027948 0.25042647281614855 1.246415894042576 0.7801255710138275 
2.5968181344411754 0.6587153599897806 -0.7147540649021318 1.4370075840854557 
9.774093226451072 -0.306494660160817 -0.9038474402828087 2.6933222753833927 
-9.0371751304464 -0.23009332804434912 -0.7779409447780372 0.5529378705144516 
0.9046500689443988 0.9932553760016731 0.8250071532552403 1.3017296171677846 
6.422506368159301 0.2883046129695316 1.139744335960578 2.05018780249677 
3.003078038752925 -0.011156084097768915 -1.1396503722097777 1.201046170107592 
3.669175020479125 -0.40245063333792724 -0.7630314603882158 1.5442741282038628 
-2.1615876194092003 -0.8755089453202917 -0.6020271365721641 0.7605986212402207 
2.78103760964175 0.5393314454766354 -0.7491633492206402 1.5071610218622127 
-6.5815390967272265 -0.40625636740561666 0.843512437495122 0.4054971246316648 
7.08098208080817 0.9798143609214238 0.9622805274190234 2.2941217189309913 
-6.740607821877072 -0.4747580856474585 0.8640727766140034 0.476513841092718 
-2.0755481172430645 -0.9744760200982227 -0.5827716857631035 0.7133872152565919 
8.790062223256122 0.44533678210310046 -0.9528521386669753 2.2608931416071947 
-3.8876528833581148 0.7416209320335201 -0.6714985427720339 0.7407635015189153 
-1.9649042104183785 -0.9053682301003143 -0.3660133548270241 0.8395804620286813 
9.73035812512219 -0.3258956659111432 -0.9787217259248095 2.620915779045709 
1.6492912761669505 1.0400052169058072 -0.03533000303669909 1.2223938992265149 
-7.913159802108051 -1.1311044078646666 -0.19199855800866072 0.32039301262600284 
8.84945790469651 0.43729976484047595 -0.945821788391701 2.3160494596225845 
-1.5685294409826191 -1.2182276209089917 -0.21596330642275774 0.6365995670423672 
-6.841627863877255 -0.799452002583964 0.5784953753438609 0.23492643733328605 
2.204145130915961 0.975703495686367 -0.4221939303752826 1.4162467976548092 
1.182929477187404 1.0647592398274939 0.5172558673426951 1.2646150831892995 
-1.7129574895233546 -0.9546783722864292 -0.1064490686858805 0.8778060830503676 
-5.04946769824816 1.0798117980352278 0.4668185674110541 0.7396246476761675 
8.566144582497188 0.821042890926606 -0.589379872022532 2.4192663130592758 
-4.842000110559786 0.7509869137546565 -0.11137677146553585 0.3755646289914288 
-6.220113603219937 0.2581704116237292 1.1931521556650098 0.7320040412202229 
8.26666749694278 0.8202430683570117 -0.49687498584860124 2.189883423028238 
-5.862169175545333 0.5775872817338152 1.081573351483085 0.7253275430355883 
-5.279868763795415 1.0712758953180506 0.7655261700588005 0.8178087033727905 
1.3727713247218674 0.9400225563335078 0.1562988337898882 1.1067115345463594 
6.883255915348975 0.6117097360034341 0.8723047330600081 2.0373890209310375 
6.232750267793122 -0.2992927205112333 0.7498493626938891 1.6161470008186165 
-2.071349111575982 -1.0077172804840582 -0.6103104514180693 0.6825101001605163 
-5.631907145286361 0.5422349801008369 0.7313411672899892 0.505420948354812 
-7.670261521034849 -0.7110545957455305 0.45480461635008496 0.7365083287016913 
-4.469848105595895 0.7089346115715005 -0.5019661604549077 0.377757366841976 
3.1368966523717674 -0.21073814815800182 -1.2154231059228855 1.1530308562697793 
9.434290647150537 0.007516030340140235 -0.9829261814872248 2.5858034015043474 
-0.8788244659154145 -0.4918475880663738 0.9161984991627399 1.1940102994469781 
-4.826747217407894 1.2226665374197243 0.343307458317625 0.8463288473773938 
3.469018781077578 -0.48697305381376155 -1.1122393428492536 1.2493118192103403 
-0.859188461710712 -0.5835823468181398 0.8267827601008237 1.0913991891201675 
5.681929981930621 -0.347066039640103 1.0432382080690155 1.9836867280860537 
3.5828194114224843 -0.2181074724942736 -0.6952868750026517 1.639810567427974 
-2.879721645541416 0.00017032946427775197 -0.7068487333758771 1.0088410162290666 
8.625301650490403 0.8779887077555439 -0.5360847124555042 2.5301450241956904 
8.91072256672216 0.27307599266115024 -1.0893941383781722 2.219105582611299 
4.292173025467639 -1.1969438191910984 -0.6919005876407085 1.2521118287059767 
-2.9759301237361546 -0.32143600811618733 -1.1428394984032633 0.5860733270795827 
-7.625457450507316 -0.7014955125536104 0.4990465978108941 0.7389836566519739 
2.226022741625984 1.035494214586478 -0.36675455602859536 1.4919078161386485 
-9.367803366790453 0.0765562112367067 -0.8648774008508224 0.5253875382880724 
9.156042016808733 0.014697056313535684 -1.2149231969657952 2.2474683563557467 
7.248044637182595 0.5717965400026612 0.31936023989319845 1.8141551411900232 
2.4778844160737137 0.828070398755766 -0.5756849320465272 1.4932171474195097 
-7.9905161876242214 -1.22413361070272 -0.3695507253788759 0.216315319225192 
0.7238795774941877 0.9074758913579237 0.9944214442214596 1.3202518461662327 
9.979835648520712 -0.7979744555104396 -1.1208521680203087 2.4418239846683703 
-7.579946081465994 -0.8595263786682483 0.3737788663188781 0.5717654865418872 
-9.350094198070098 0.16306571080109802 -0.7595323977854973 0.6302622334980872 
0.2758460094322128 0.03757142380877232 0.7274054852986721 0.7931789418721517 
-9.98462456343261 0.8107203643198262 -0.5676724442672851 0.6481096462621871 
-9.94611328433888 0.25309181045576107 -1.1121016138738193 0.12492047000655415 
-5.800597309091811 0.6487911940876094 1.070514896444449 0.7445829507064918 
-0.7959538388522986 -0.44614455456874974 0.9679902210830895 1.191876614052952 
0.5218326674559819 0.4331388698903862 0.8015762501671628 0.9882379523450113 
-3.055662598007423 0.014305575642740306 -0.896180364637508 0.8368360085857383 
1.7821287522796876 1.2430755423457325 0.05556038526894186 1.4604029500213582 
-2.574881390461419 -0.5772203194191539 -0.8840311016150852 0.7326308199230227 
-2.401484375570555 -0.871822724661518 -0.9358504009147524 0.589056247540841 
-2.861715935370719 -0.4316935204835243 -1.1165458552691523 0.5956773605517348 
-3.0957177152730297 -0.2717436955290268 -1.2248327757743676 0.5078762601233672 
-3.78392743143539 0.3970864012819157 -1.0026793803520255 0.482981307852345 
4.872089792874361 -0.8483549545868909 0.29794278403576413 1.7666866939917019 
-7.753044449549915 -1.1811306283528065 -0.08545458727372122 0.2743430810579415 
-2.583448944771936 -0.48144054586020624 -0.8000677013724428 0.8205007998113106 
-5.627433801781477 0.6133862375213053 0.796221104207621 0.5732753542229478 
0.1794655806355152 0.06059568247729866 0.8660311488728342 0.9002004849559315 
9.917915016886358 -0.32885976072115836 -0.7363204047815547 2.840591879620592 
4.697487551351848 -0.8953772608252072 0.08961083738015412 1.7041039683229937 
-6.604186484969219 -0.20302678739899505 1.061409974166972 0.6291249695665362 
4.209989746597971 -0.7913963503006095 -0.39649624953406365 1.608516149239715 
0.44116384650013885 0.7032672706029435 1.1805304246093355 1.321379084065345 
2.4177092347667397 0.49041632233555904 -0.9211223465210028 1.1016194831376158 
-2.264497670129715 -0.6639502921341662 -0.5344530591658186 0.9022937976299156 
-0.5676933588338695 -0.5498073235511995 0.8310247997282099 0.9326933063310092 
7.651910583102598 1.1780790556356378 0.39912470467973327 2.3478310307807577 
-3.9085546891897938 0.9007203149237288 -0.5132529151613943 0.8832471934503627 
9.284487631717461 0.030487430108448205 -1.099518608181916 2.4212374343817373 
-9.949831213429537 0.39778948289514 -0.9687668513399308 0.2662600831622031 
8.342845785671877 1.0793157221690364 -0.2731745152885583 2.4996145978405955 
-7.420809185259348 -0.6916320305157202 0.6357589930632639 0.6921287586520108 
-2.5683054755782164 -0.5488905602718206 -0.846616516812402 0.7670053203484892 
0.8886784611900005 0.8160319759380081 0.6702311062781929 1.1327289101738691 
-1.9514160154650568 -0.6780633001285141 -0.12112457916970798 1.0730894535850124 
7.103775239008378 0.9980923349940956 0.9483339309156384 2.3013034524384235 
1.3601359329703584 1.1108152229288435 0.3420279270133053 1.2786196543896249 
8.321385208084337 0.7806951939279794 -0.5626158438476113 2.1861823244320076 
4.880186707081574 -1.0673400223337286 0.08562635353318063 1.5477002058636706 
2.054530369303059 0.7092515129178363 -0.6411009523712821 1.0520683780525317 
-6.456833964089894 -0.4519602708839373 0.7057779242828509 0.2451211168374432 
-7.034862553387596 -0.46937313945774767 0.9440364478010628 0.7083489784575896 
-0.12209115688549232 0.06935793605335977 1.1837021269828074 1.1790111118648476 
-8.966980837396205 -0.6030251058899275 -1.0580802531188735 0.24686236989947782 
-3.728649220686897 0.2853187342401567 -1.1011687524993263 0.42016419863069104 
6.001978340843454 -0.40907734566178733 0.829159249298866 1.6909173761435634 
-3.7644545921841166 0.29056494414385037 -1.1050093427115448 0.39349944397474734 
-8.189532069072792 -0.7205472132205504 -0.10560696936149283 0.6645749239738871 
-6.949319848785633 -0.3753858377996941 1.0287818870012 0.7416740811843262 
7.622209125846464 1.2628303114763944 0.5192725339002852 2.432599960241445 
1.1324439364618328 0.7348768445649386 0.2538728377321192 0.9493302250280544 
-5.065053812598663 0.8259284806655146 0.23287272490040303 0.4900706201807339 
4.770342602026412 -1.1523904023029976 -0.09614805710353415 1.457219402712151 
-7.02334368724207 -0.47793163401808586 0.9348349835555387 0.6919006704017043 
-2.6021908804382132 -0.47513237056691554 -0.8195256730658389 0.8093731008808567 
1.6135734490245053 1.1946099573151603 0.15276068165637868 1.370629570406578 
4.064489372188273 -0.8846514591995912 -0.690811273184639 1.4141781808057947 
-5.729641709117592 0.7540118468631605 1.0789738815995586 0.7921585083539693 
7.374261193931577 0.870666558570672 0.4450737647248326 2.074090338896424 
-3.1026637121344036 0.0010086903396385322 -0.9593145644648537 0.7731794130682812 
-0.050736108495236465 0.10691539878386909 1.1563429427166476 1.152568981173203 
4.651806506598636 -1.0336787144040434 -0.09605869318347923 1.5567885420184822 
7.678907633409068 0.8310901214251456 0.020557476754520354 2.00159206583808 
2.317451806603641 0.9767228864947377 -0.4364294445113182 1.5035567716119154 
7.983506791082625 0.7744676788014478 -0.3463189508812446 2.004717663728913 
7.0097944316799 0.4796993732392449 0.5627917467604762 1.831086390882064 
0.9864004172004179 1.0992107138578437 0.8168608458966427 1.3688341550346383 
2.4964033255823423 0.7000937448996132 -0.7002419037244278 1.3823077027870498 
-2.380657209089769 -0.5054323837014719 -0.5400244421746225 0.9723176951459506 
4.115550293729775 -0.9289768416881254 -0.6638908538824504 1.4073024116799675 
-3.4261162514985415 0.06422996501363903 -1.1762657573233317 0.49344360114522984 
-3.942051477579593 0.4516620775347585 -0.9623910994367699 0.4082021246101174 
7.257300605513688 0.547917364040993 0.28261236912155663 1.7869512951052378 
-0.8503329134959436 -0.4925793872493323 0.9186536914806014 1.1774023999474197 
7.854989880161508 0.8762143083973549 -0.12479342933870231 2.06971601518872 
3.1248619487665614 -0.059614579215340205 -1.0762045485388985 1.2904745684215222 
-9.266462782791807 -0.13351358907378028 -0.963353214950978 0.4200202450010294 
3.677028880610859 -0.41671067329074374 -0.766540550954312 1.5379184129576857 
8.051127887514063 0.7836830797132506 -0.3928181225897201 2.0400023287588676 
-1.1678715370400674 -1.0793802204009029 0.23264845149958915 0.7303124271197516 
-2.4173568714722897 -0.4731237526123922 -0.5595665034897876 0.9747031852328221 
7.7086459053813705 0.7696005240680089 -0.07503218881292179 1.9417775589162691 
-9.313610367398066 -0.0946265187397382 -0.9775150004959927 0.4103293171061537 
3.087084756140392 -0.08415736881323305 -1.1371530911047483 1.223027075209176 
1.7768874434601205 0.6987711665965473 -0.4847024279152847 0.9143863633264648 
3.757283852522095 -0.3912753001820402 -0.6301268215386546 1.6422992321398457 
-5.211962874522196 0.923429894388332 0.5246946781585169 0.639452881880432 
0.3152484874191508 0.1736657611345153 0.8143324026015375 0.8956400583860695 
8.053107349606055 0.7293134402180166 -0.4487388546096779 1.9864651700898652 
-1.1174648383089032 -0.8351998323065823 0.5017561370313883 0.958064134022667 
3.0156549362581586 0.08751130514487654 -1.0301740956004992 1.3138798836565797 
-6.943003526325551 -0.541558778596945 0.8615181291341194 0.5708382040721527 
-9.585460117760643 0.25529820878654064 -0.8918117783587003 0.4787566079516342 
-4.337523826459058 0.7904114526132149 -0.5062926017081119 0.5079271584168197 
2.075537514440091 0.9817992840768333 -0.37708129453585987 1.3371634886425294 
-2.314238839407441 -0.5727008018478068 -0.5133839574066457 0.956845224995649 
-4.663216316017669 0.7544684001139069 -0.2934757185906899 0.38298262231821567 
4.60584600277139 -1.1383808710057512 -0.25039273036157067 1.4409490986804163 
-6.715895140835027 -0.6406203941076001 0.6865447838767228 0.2896078765886583 
-7.615379932844036 -0.6901341246276576 0.5178794535255187 0.7484829918476523 
-2.5043214589479117 -0.41104704888406535 -0.6197649911069718 0.9624217087427762 
7.220824447139531 0.6113419288118537 0.39687139589089115 1.8638943965400108 
-8.279102542548653 -0.6112923570719797 -0.11273441501836695 0.7366579873527868 
-0.6456185607441451 -0.4987073040693193 0.9017130474836302 1.040463434897152 
2.9378363307476327 -0.008955131936331906 -1.1906178980487283 1.1301891184742718 
-1.5751506287141819 -1.2612904928159192 -0.26565426093328703 0.5929639730700504 
-8.615045757663676 -0.6706376122734945 -0.6362274794928557 0.47599077221823055 
3.5579416910569073 -0.37915279817587544 -0.8893002784708625 1.4525850239200246 
9.38883566966198 -0.12330069356316062 -1.1585893918941679 2.397889718818019 
3.587249765653219 -0.21337351839782676 -0.6846502261964391 1.6491804358252053 
3.4135046568946237 -0.49055597066807105 -1.1852414331482986 1.1848639162834438 
-1.757073644181574 -0.98436559618842 -0.18686701014098908 0.8371983232604004 
-3.0327812509990064 0.17236505016896758 -0.7131240179214013 1.0193555620830288 
8.321842279388655 0.7190992982032761 -0.6244137030583197 2.1248975123329155 
0.9140308979689564 0.8547643357207582 0.673351433189423 1.1585036562212911 
0.5791205625213962 0.312124353982014 0.6017805248006295 0.8244580501225183 
-4.406632186452182 0.9644449298808652 -0.2901894442359375 0.6544349362279217 
4.219490383058119 -0.9011414564238054 -0.49335789265193203 1.5047543521819295 
1.8012607173901944 1.041101328166103 -0.16088875168850716 1.2649092166760674 
4.648024166035135 -1.0232589790099385 -0.08965006012639302 1.5663699857444775 
-5.977659948501374 0.17142257963733645 0.8243173934353006 0.42066738875218124 
6.20763648566043 -0.03684740683133873 1.03577711271071 1.8989777195546749 
5.941633783535359 -0.22112957137168393 1.056055942863374 1.9253345832989024 
6.282132484207867 -0.29739142016177683 0.7036608483973907 1.5779201535461445 
-9.50166494530226 0.3080242339476233 -0.7658326703306637 0.6178896198663896 
-1.7289523298112464 -1.191120226872657 -0.3610983324638083 0.6376249031240182 
1.5694245923031325 1.2652036487637763 0.2665763236529623 1.435132882981002 
9.777378765029322 -0.2848709797977155 -0.8780089369862139 2.7189045147470154 
6.627877788843403 0.4880014762210323 1.0912736227040751 2.090287845849646 
-1.115490547857636 -0.8874997868753918 0.4503637835510606 0.9050743343878553 
-6.509495388519837 -0.05190733688198351 1.1469768761393486 0.6940262022780572 
6.689516585950393 0.21680329964788198 0.7401383413350928 1.773750993524372 
-4.304448915867507 0.8717924360107195 -0.44286682377885733 0.6040722031682857 
-3.7929602176720127 0.3545643100694036 -1.04696564820247 0.43263277723695337 
-6.525826277115909 -0.4000917145439957 0.8108821770236053 0.36087462072347676 
-9.909250350956267 0.6122295628391471 -0.7384327706250156 0.5177211599134266 
-7.02287658710679 -0.557061473763325 0.8556751154171223 0.6124490101843704 
0.6260567955031711 0.6091105422946941 0.8335009126638069 1.087763534217035 
3.640538401939944 -0.5852268734717001 -0.9848143032565614 1.3324249022909473 
-5.632885511179937 0.49161641532858824 0.6820937043675216 0.4555250730043553 
-5.199410443711603 0.6722659275586813 0.2565309520988693 0.38309080777501653 
-3.2239619949485316 -0.18827714741539245 -1.267162941751956 0.45385774377241944 
-8.118285892820115 -1.1530749343508904 -0.4490381962506963 0.25624490081550366 
6.190178397659146 -0.33341430792264437 0.7551365445006158 1.6165617431481227 
-3.78082395217014 0.6563110725485368 -0.7428222061275873 0.7449064229911544 
-4.2194049731181575 0.702019669032593 -0.6521615889465631 0.47686814617588724 
-4.920705842617599 0.8561033619475712 0.08453641059102798 0.4890821779868748 
-9.146510471779477 -0.014734510947695234 -0.7015771003586255 0.6606120964531907 
-5.47036726591238 0.9504980998223651 0.9117253956275615 0.8029327749064394 
-5.833535194199911 0.4627394337235652 0.9286882170114119 0.5861128623218796 
-8.373127512196124 -0.6978591591434847 -0.32575463334775 0.6032562972428224 
-7.971193578135754 -0.9491916913188148 -0.07299688993845782 0.4945720359125704 
-2.20288268471144 -0.7156696353077189 -0.4997023606275567 0.8934144388763762 
8.294592771255303 0.9037577798529419 -0.42722571990051655 2.291345618624665 
1.0679669098425233 0.8422865873720946 0.44797069442892884 1.0787720391146052 
6.468567091960232 0.021446589522961773 0.8199907503179686 1.746653979580438 
1.342703417066346 1.0900772088274917 0.3420980513519303 1.2596797791738155 
-7.999676846995278 -1.1102225023258534 -0.2659976007153684 0.3285261959638611 
-6.30861812560672 -0.09372702713363099 0.9313796529104212 0.46383605403438943 
-1.532518982460907 -0.8068161987313185 0.23071931114239175 1.050364900827259 
3.0110274978797396 0.3058891291277841 -0.8157938515154028 1.527042805518772 
-1.9196242731569502 -0.7302345747018715 -0.13225718951752424 1.034877265532181 
-0.6553498873705941 -0.8507241831951706 0.5515472427330659 0.6952787772110491 
-3.4930993825467187 0.18648296466304637 -1.0966848257861601 0.5473447027355223 
3.6705629854742323 -0.6069506496382535 -0.965633125798664 1.341173201414699 
9.722099837040421 -0.35582361431915155 -1.0189874755632777 2.580917746560758 
-7.67209863286205 -0.7948197573907434 0.36956691221439975 0.6529918205033063 
-4.065144731282331 0.7230414130561863 -0.6776974054993363 0.5912603533442006 
4.808504253183655 -0.8794705529755903 0.21188128239471912 1.7333632664071108 
6.237150292229742 -0.09661659901019326 0.9483427337371915 1.8152490156110368 
-2.5380556724330727 -0.7913784088568159 -1.0471536036509743 0.552022359672963 
-9.482455667663912 -0.12117600173007778 -1.1771588365068646 0.2085983959413301 
9.530816269141315 -0.2705127902847841 -1.159056292717052 2.4290170537304174 
0.22667304546189193 0.24824520144824247 0.9979277533593639 1.0464344375125108 
3.8566084624198353 -0.5577513889073628 -0.6572049117243164 1.5684637963652364 
1.9562727921743566 0.8194517636470638 -0.48316830437386926 1.1089059420583391 
9.04381194359004 0.34923071352243085 -0.9508925754501147 2.447816062144962 
7.413755930744262 1.0114311544831929 0.5329193098085725 2.2055963030261982 
4.738574924678385 -0.9594588879455759 0.06638123156917271 1.6463763580490234 
5.455596334378628 -0.5226465732290628 0.8903084802393619 1.9392293118376143 
-2.88285796089715 -0.3968267505776075 -1.1076836748058319 0.6085781594713351 
-0.4429015594661827 -0.47481336129529084 0.8572614655354478 0.9104258297100221 
-5.528172251422623 0.7945452904888107 0.8375097099118012 0.6845738140291658 
-9.850650578842098 0.36801334103054784 -0.9557808600649372 0.32831266006900367 
1.3275380310547842 0.8242057010931425 0.09451365185170613 0.9956162009649743 
7.082280332868525 0.7881530376029806 0.7687833548401007 2.1018180272276528 
1.78859393835166 0.9126376483021779 -0.27981785052956276 1.1321145278620066 
-5.707342434127707 0.4153254273747038 0.7095171180667978 0.43589385515265944 
-4.33056590729096 0.6542720885956463 -0.6463276645661126 0.3748090013570092 
-8.045927232383905 -1.1884105040485704 -0.3975446930813116 0.24049448128649614 
-4.356611812905187 1.1218528088672581 -0.1638422294374155 0.8313135883512802 
6.054734615265659 -0.09765117703932782 1.1028359979791285 1.9609370059035234 
2.46900598637537 0.5640112203675778 -0.8412129341178267 1.2210516948014463 
6.825970450247958 0.6568820039721431 0.9966325823909876 2.1193698119904822 
3.8996071359921363 -0.549081025221641 -0.5878025585224346 1.6153226579825644 
4.3463295642816995 -0.7801376562465576 -0.20433129678767387 1.6980035171942283 
8.570980626368208 0.9996180365163785 -0.41128865409823284 2.6021497674734677 
6.663777819182847 0.5506559868400387 1.1076300353709045 2.1263567892872506 
-3.9981299255502734 0.8684280806495193 -0.5422084838947782 0.7832946827966645 
1.6210044466381586 1.067215593514439 0.018288728471708246 1.2444541125456774 
-8.729443957551231 -0.9278755074746812 -1.0550733394173635 0.13048623308624036 
-4.510093124160415 1.0427322493026379 -0.1377945269598592 0.7001092805049189 
5.464998560251221 -0.5769124898443783 0.8365409363487286 1.8801920863306405 
-7.780114502231054 -1.1252813142942073 -0.05420827473006483 0.33131023081760536 
5.6889285924239665 -0.7810983164954858 0.6073596205906177 1.5451051469146564 
5.932217080144326 -0.552688583798663 0.7301588585022705 1.6009283004011545 
-2.1689927432865446 -0.9213972264199518 -0.6581975687134166 0.70996647591839 
2.3444747220192212 0.5250616582865381 -0.8890547819845348 1.0739265648314666 
8.25683093963621 1.2087610575627932 -0.10322776952889168 2.5722534095897167 
-5.437190087892397 0.7214724419872531 0.6358277007982783 0.5534261736791818 
7.985511707482448 0.6969666133003951 -0.42554692290748886 1.927923064350486 
-9.571262386250678 -0.023102303808696795 -1.158353749073791 0.21493138977400442 
9.589163344419177 0.012888865741332911 -0.8099842242995876 2.7854026977482635 
2.644175510477279 0.5769268146424271 -0.7790483779860927 1.4024415576628362 
3.1890715978667057 -0.024965433219410124 -0.9763774118126413 1.3981192806201537 
-8.469255100281952 -0.5470286793073886 -0.30759490238956505 0.6983179953480326 
0.8557783858692929 0.8553183477329344 0.7558678326894919 1.1895832202509184 
-6.02136859698361 0.5263997916309604 1.2334853571947457 0.8152041691351035 
-0.15219275601956994 0.10536440797063562 1.2454113329182996 1.241866265448148 
-9.372849829099971 -0.2250448865957805 -1.171792126928331 0.21854974821719378 
4.178979385996744 -1.050213376511146 -0.6976072006613826 1.329630677636834 
0.34761379451023267 0.24304274684387853 0.8425757121307362 0.9377600679489476 
4.925871535540477 -1.2708816778375034 -0.08171799016504103 1.3429620746107287 
8.705882216067629 0.391968467670612 -1.0191190166320263 2.1217296820940525 
5.6512272781081645 -0.5654941194858885 0.8321040469900942 1.7848953785905317 
0.89542774128536 0.5174426183515805 0.3621510798841592 0.8306401616103469 
1.6612331551533224 1.2463770828803713 0.16015010538325225 1.4311824000699818 
-7.872063159314633 -0.9078128175047082 0.07394317608046914 0.5471381831312276 
2.4064833955755365 0.6842610211413784 -0.7281646634026205 1.2856664372230164 
1.3398792404498643 1.2432940477639545 0.4987075009483868 1.4132161494205933 
-0.10888979203658522 -0.16777520832605003 0.9349768892277206 0.9300696182390809 
-0.04873855860782683 -0.16884072947516782 0.8786910469947843 0.8750165375486507 
3.128314673497492 -0.27997712687223136 -1.2931665657236002 1.0740363616135125 
-7.523199814917822 -1.2123127098132174 0.058258564814168745 0.20474794290767323 
7.491254852645412 0.7475380720392417 0.16743020778410853 1.9277547795073406 
0.741412949096695 0.48892775673585925 0.5511121874569367 0.8905560636203258 
3.1486929656859335 -0.012307908427848013 -1.0051824488812267 1.3648725690757053 
1.1754884807165418 0.6488248556000391 0.11103910810516826 0.8506833664771434 
3.5756221020126873 -0.64374076807613 -1.1304893448415858 1.2066287850861452 
-4.8190454793587705 1.2149387960880123 0.32707561085628883 0.8382272213854713 
-6.775640873946694 -0.5161788231757893 0.8377868175051024 0.46446484252553727 
8.643141847756223 0.5238895156946677 -0.8903140389916266 2.192825732465385 
-0.9306002782677947 -0.953490918558591 0.44584042420219705 0.7596265495976746 
0.5915496033024166 0.2952517900066604 0.5676813500855808 0.7985434387337227 
-4.31942293627692 0.6976575633022193 -0.6090498340284316 0.42312706708678344 
-6.051002867554867 0.44704112468480234 1.1901057070609518 0.7629588430010765 
9.190713843702753 0.3665509756124551 -0.8381135776631816 2.641579556752852 
-2.822662059780181 -0.09563253952528311 -0.7316525514804337 0.971991642271161 
0.5954552980914603 0.845927654754749 1.1129351183799305 1.3463959870620936 
-0.11933997705355992 -0.021455527334901373 1.0904888098485364 1.0857383074598457 
7.554713504568131 0.7003518474647009 0.039620276559842516 1.8734139420678804 
3.136143053116191 0.0031672155337888613 -1.0022675089301036 1.366079506886193 
-3.44536159760006 0.2691738096728793 -0.9841608066912575 0.6786040314825401 
6.71193933924798 0.1703123926424725 0.6640589073142682 1.711146399963861 
-9.845297298063098 0.43248211716705276 -0.8886295339980876 0.3978624035529145 
-3.1225067973874854 -0.02546912923382384 -1.0062023023195577 0.7254136265428515 
-5.228836126657603 0.8169521794231398 0.4411669118695919 0.5401817885437794 
6.118449486986908 -0.013282475229211221 1.1371709712950318 1.9945392927076588 
5.776004019252113 -0.7292034106941745 0.6306289545374515 1.5382696789774977 
-4.5947755180095795 0.9721283310812943 -0.1383056683483924 0.6106503697926383 
-7.865872878325078 -1.134902278958775 -0.14686394308401082 0.32042330384999396 
-9.486375743826665 -0.09987922551368847 -1.1595415190278668 0.22583022574658068 
-6.202882147707958 0.07960143547946127 0.9961619889093523 0.5371739717112867 
-8.073247932227384 -0.7127158719011943 0.04582788345602126 0.7093911770209917 
2.548498015652072 0.29850375032896775 -1.0896410320096264 1.029841745156241 
4.726545712149511 -0.7815770494384287 0.23247900461190488 1.8225698798245462 
2.7459368914639164 0.5459474257129323 -0.7622099697927287 1.4765299163198535 
-1.279081057759651 -0.7781606152397819 0.4671868155588873 1.0595256021721875 
8.249150050283106 1.0528949088448383 -0.25500046547832855 2.4116499907264046 
1.26177203910939 0.9812641089213665 0.3327626307214401 1.1631165282616485 
3.9472452713114876 -0.5924385641680846 -0.5637963986322752 1.6128196016352039 
0.1564187478352288 0.35014980412373653 1.1821596315129557 1.2101329707079893 
-6.8141763332863725 -0.32368682770297086 1.0450069796057884 0.6886006335054893 
4.293499051996758 -0.69683921230061 -0.1900447992813556 1.7529602938367015 
-7.281352457811126 -0.6698376848987926 0.7124852813708935 0.6534500646383496 
4.343203558755848 -1.1077474635793845 -0.5359817215992384 1.368787527413115 
-4.546040157468376 1.173429961468035 0.021651365813611767 0.8219332997707933 
-6.408159496136189 -0.10410988533393734 1.0127401232364928 0.5474015938271044 
0.1258310642892333 0.16085137951445677 1.0274458211125388 1.0480147160460858 
5.431417217977339 -0.5720228470598984 0.8390770764484571 1.90182984831838 
5.383260575171585 -0.6538588055240888 0.751090240503822 1.8425580828041086 
8.416541507154822 0.8304878128746827 -0.5487580750832168 2.304797013346668 
-0.8544926108755302 -0.7329017270614036 0.6779374201517743 0.9394358590765418 
8.501230793202602 0.5879958024207055 -0.8127439724052585 2.130185078354634 
9.633803462424407 0.03377566419647751 -0.73695121842331 2.8618222259043073 
8.310328534135042 0.6649800013203907 -0.6733600831306766 2.063000325624344 
-8.532822651110282 -0.7193908244180054 -0.5689812761772823 0.48492447491569124 
4.665974746650853 -1.0039310496486193 -0.05140556748151762 1.5895514268159667 
4.7634153097182725 -0.9747289332383657 0.0749736955174837 1.6341423520184137 
-7.366237859609315 -1.1206711951649375 0.23135520493030692 0.24144873150880103 
-0.2099716640977327 -0.3442071316458463 0.8422618759590085 0.8434467940068329 
-8.56770168601268 -0.9066229964615086 -0.805341617692788 0.27383981622469955 
-3.702759759630534 0.7585525375441129 -0.6202567184316914 0.9169215959305519 
7.1094389993007 0.9199204897563484 0.8621581193105872 2.2204346326995106 
-0.013256624361394742 0.1267882965211194 1.1399566648457107 1.1387197484697738 
-8.421083917079761 -0.9190205793379657 -0.6127496359675628 0.35524182733341236 
-9.148191426131667 -0.19385775634808888 -0.8827774088060827 0.47980482815736053 
-7.376806695678848 -0.6733171513392191 0.674250305594126 0.6932005694357999 
-4.653150834525814 0.8696035163151514 -0.187845923689443 0.49929480363494394 
-1.6573907266678827 -1.1258260630756183 -0.21605923362710008 0.7176942647047178 
2.7100606774392553 0.7006229733163112 -0.6259659003795222 1.5936431736592682 
-8.355792933649024 -0.6819980773497964 -0.2862996541882919 0.628337875715085 
0.9908799457707502 0.5937417652751455 0.3051872838099046 0.8613967487645209 
-9.689299088060269 0.19948375141559962 -1.0271811416810146 0.31752557838402007 
0.24823269779913737 -0.040054234230358116 0.6836026989598099 0.7393884854131212 
0.8895787020905246 0.5199631729827603 0.3728960137900484 0.8361912704179086 
-3.4035340677847277 0.547785121378817 -0.6770601654875328 1.0003477146727897 
-7.185606784711995 -0.8715960769112789 0.532945088470233 0.40068710267127905 
-3.0041310908214935 -0.27234743283027674 -1.1258853931851887 0.6051938789285322 
-3.050857898849748 -0.08665053714846019 -0.9919266567740913 0.741019908088657 
-5.941495236520947 0.20329918149876536 0.8104089470280469 0.42025110071032584 
-8.932333433449218 -0.3949051344433532 -0.8033035334358104 0.4872063381934879 
-4.414503732059975 0.6763913920960519 -0.573067160118452 0.36353509277795737 
-6.271856237013584 -0.21489315182106333 0.773713847125942 0.3078708463372696 
8.294777299489464 0.9121634707868129 -0.4189082105938248 2.2998723205504996 
-5.0673753987630015 0.6906195873988162 0.10054600826894106 0.3554262487270543 
-6.749989071373246 -0.4613067111683245 0.8817388662518416 0.4978845802982892 
-2.2587486293940646 -0.5050817546802902 -0.36749049234716163 1.0652840100080598 
0.5660666293610852 0.30730617925914366 0.6150068348487812 0.8292292887013968 
2.696260415000971 0.7046252268578828 -0.6286001126375955 1.583342158203139 
1.3266329844099207 1.160279055808061 0.43168370101747106 1.3318045995246588 
4.334738354758279 -0.7922277326253901 -0.23143189657910396 1.6799127597578092 
6.081621480138605 -0.25425783715986855 0.925698599791586 1.7829959692878052 
-4.280554781407018 0.8430792061333672 -0.4836577152678067 0.5866548635556905 
1.8975700797848312 0.9473645519117814 -0.3207074901181055 1.209237486212666 
3.049332642445183 -0.04072328607630356 -1.1285995312742876 1.2236820025323323 
-4.3683170783150675 0.7022143394631857 -0.5764977089671952 0.4069055650623783 
-6.513030144690859 -0.3991343870650651 0.8023938140698209 0.35005804377016203 
-7.617400729275772 -1.0952972281026543 0.1112279419270773 0.34370115645420896 
-2.471337780787004 -0.7363142735561458 -0.8987918998515184 0.6659076691532116 
6.720141404987356 0.5169702621983221 0.9998307295626672 2.05196413745427 
-5.36323459837571 0.5747592499603681 0.3850468645536318 0.3640821855389764 
0.1373516200568865 -0.0830338675543659 0.770628058613675 0.7938758949885305 
-9.734428814793795 0.28313672839430704 -0.9740294078614478 0.35619075824507973 
9.827245216338383 -0.3837375041723893 -0.9121452535597645 2.679677652178911 
2.905095694285558 0.13068991628256027 -1.0757733175325055 1.2335000419648596 
-4.582719312421233 1.250370948516023 0.12945969569777147 0.891141776762628 
8.83711297224039 0.7055341885088418 -0.6811225854638685 2.570978832468961 
-8.85488046136352 -0.5662964564751675 -0.8687069892711172 0.3857620929393669 
-3.7011486382570062 0.7833613447621122 -0.5949394888535833 0.9432063882566069 
2.9481357973805515 0.023419057256438225 -1.1501788609553074 1.1740426460759825 
7.755918838052686 1.2537029545792853 0.3564129631257685 2.4303845045198007 
9.137719484244581 0.2650925219664336 -0.977120637094024 2.4756711918193792 
7.2553249461570495 1.0235518409817617 0.7609917607378853 2.263289330780576 
-3.129364258311405 -0.13377561545413286 -1.121472759039031 0.6097488777191725 
4.100113088149657 -0.7063503324915441 -0.4627396262966023 1.6188266046495012 
9.127791509784235 0.17446265987991139 -1.074399970399338 2.373059187810251 
0.8038546973672922 0.6686295847168668 0.6425295859209978 1.0322979589769323 
6.939000021545244 0.4124178291521224 0.5951640546956269 1.804118890593867 
1.7464161913360101 0.7320378612559406 -0.42729906618305397 0.9382388082386206 
6.867687922613651 0.4079510004758481 0.6901530001563683 1.8434501828359444 
-0.32561856234828035 -0.4263932292175673 0.8409547093141155 0.861464250033084 
3.5149657473629787 -0.5951641812170904 -1.1615082660998495 1.1907868943601994 
2.264175674570591 0.5573896500263102 -0.8508407358923749 1.0423983422376348 
-0.749730212786325 -0.5300142974686344 0.8832997771146487 1.0791955534485014 
4.134941230353109 -0.8411002369215241 -0.5491289112287423 1.5088503820607269 
-3.622072297499253 0.5508608739500318 -0.7981170213579626 0.7847944022008961 
4.654809474091168 -0.7054624239657457 0.23533263915006283 1.8856603823466689 
-8.941238831794397 -0.38131972257871394 -0.8017593312863438 0.4925614873485909 
0.5949240174347086 0.2925330995665709 0.5602783568751454 0.7933849684699018 
-3.235084678550095 -0.10318733760057267 -1.1921760266098589 0.5270626069736772 
-1.5919136435714876 -0.8261779748672222 0.1524833155862558 1.026432204371459 
7.399296784153847 0.7430069662271386 0.28378669089410363 1.9403956162012732 
-7.3459547656329915 -0.6955800297449273 0.6645802742366029 0.6578254857608152 
-4.682201837876803 0.7423989742742911 -0.2873279865145385 0.36897021942590597 
2.1738852604812244 0.7570008371778763 -0.6337758824323265 1.1762401790845871 
-0.5494882634528953 -0.34646048318157396 1.0285822979521666 1.1223239936706682 
6.9558280982408895 0.5131870683343234 0.6723095697424104 1.8950089710430538 
-6.702572633971813 -0.27127760965050873 1.0492619346128809 0.647500292615391 
3.1736060904898906 0.0959767333678194 -0.8715029113593206 1.501482480691977 
-1.3901220482305021 -1.1993241779392412 -0.03590850720848368 0.6546159829452007 
6.250311878600833 0.23670993319316358 1.269037158750584 2.1378816661803306 
9.125343701190445 0.0008582095550415114 -1.2496250013343666 2.196505233990232 
-9.228134418442073 0.07489424236436007 -0.7104549729062262 0.6676723149570967 
4.195001358456992 -1.0072082976602088 -0.632705415048529 1.383106929797963 
-9.215109021272267 0.029499450301012115 -0.740464322642707 0.6355529237861031 
-7.435024417670409 -0.695208554432269 0.6251131725831945 0.6937508701136554 
-0.47849012058955687 -0.22414722775825663 1.123983308880671 1.1895698762044138 
4.60434984579595 -1.2461503917548593 -0.35981002124470807 1.332782238295521 
-2.593157529310897 -0.6817201918830794 -1.013709115755457 0.611211658811523 
1.1339803329437554 0.665076314228122 0.18202962157026498 0.8790507179977545 
1.0509607728804689 0.7092719091021533 0.33810845282406443 0.9521883607107274 
3.253692850089804 -0.15871538381623523 -1.040573173542362 1.3376920186310743 
6.83755063247585 0.6050412988323479 0.9288722216877885 2.059941216757214 
3.4480161188920437 -0.17323792906480145 -0.8250058199374111 1.5401225349312098 
-3.7652610408258163 0.37754561829373456 -1.0182127706548363 0.47976995637606834 
8.73241361266603 0.7700073813474415 -0.6380903792960443 2.526308732355246 
-7.706251892727609 -0.9521431055115644 0.1841576703622564 0.4996883752383272 
-9.666264667547264 0.1956941764498029 -1.0144357889033775 0.3369117653835894 
5.480671017400521 -0.9089355516544944 0.5050708605130316 1.5400760443602999 
5.927027378897618 -0.5822351718183707 0.703684063136182 1.5753114055995172 
0.7813555860180941 0.5999889694302637 0.6057060216153035 0.9770157163305183 
-0.8963608363921445 -0.7465207511334202 0.6589953367347199 0.94880267642633 
-3.2909162272635157 0.30032845908373773 -0.8373127440731091 0.8711362756472031 
-1.6869079950493298 -0.73149459100104 0.1459210765572368 1.1065420855977783 
3.4129860062042106 -0.11991499555363483 -0.8152392555155823 1.5549322959939944 
-3.8226953015556937 0.8135175595330228 -0.5930113798783667 0.8661786539608315 
8.06766738229901 1.2735445620265717 0.08422536787560281 2.536940268291831 
0.8469756992140134 0.5265181813446596 0.4394894185697766 0.8656250521541773 
-8.34285534033148 -0.9715685008223751 -0.5583379630026506 0.34547844173408837 
2.1368898022654204 0.5838616225203257 -0.7964800416750522 0.9780964695318475 
5.001994750090004 -1.1662349198106332 0.07769604639337158 1.4411717944593294 
-8.921894494308996 -0.7600738815304047 -1.1543163676815154 0.1316377666974548 
4.8293290688639186 -0.7382951116023584 0.3715489295941566 1.8756963400091122 
-9.800671619099377 0.6011850908451821 -0.6960987756562191 0.6093670453272209 
-2.0479925892568396 -0.906628880651477 -0.4776332010958874 0.7964681277377016 
6.489221508568491 0.2310253005466564 1.0052932681258822 1.9399210230290116 
2.84888763077298 0.09479911313021358 -1.1512109975424396 1.1358699835281811 
5.792874979260191 -0.4333072694886214 0.9197791763108695 1.8223587364426563 
-2.1284130224529303 -0.657670634268287 -0.33831737678648083 0.9991324476141816 
-9.02153995508151 -0.29012950879910987 -0.8175260413142122 0.507964040596556 
-5.30679137422603 0.7631959968322499 0.4947264302054446 0.5229180441345842 
-9.88212356617609 0.4249977851779967 -0.9137980365798812 0.3556712480171742 
-9.018478015918678 -0.6403696808313328 -1.1637458893620338 0.16066262205243254 
2.3354554608849565 0.7194101294758865 -0.6944993119834725 1.2608621061932102 
1.9657878538203004 1.1098127989070155 -0.1979873941609685 1.404044191234015 
1.2778663295466899 0.6666390354202352 -0.002004243281795215 0.8455476367549193 
2.838331898713344 0.5259517215040238 -0.7270498197558819 1.5555293264744856 
-7.221290701605774 -1.0149621853372397 0.38279402034338844 0.2771940793631064 
4.904109306807785 -1.1706343201773943 0.0015915455315902438 1.4440306896306805 
1.7766974218095442 1.2779845821538816 0.09465812433548576 1.4935382144304565 
5.668254370914152 -0.7660876256151392 0.6276277777328841 1.5734769630531624 
7.210091500340635 0.7676342364686093 0.5681788863656935 2.0243752003443007 
6.414153753476604 -0.16054391475692342 0.7002976141623649 1.60802874120388 
6.665252753199148 0.5836262223077275 1.1386823763411895 2.1582452507603564 
6.098681653647887 0.02729817548264546 1.193784240196398 2.0509455916081727 
2.4914618524408887 0.3643794017041523 -1.0369157601920505 1.0420184372038501 
-3.8184500882149752 0.6858067545513721 -0.7200844946410301 0.7420612466176855 
-2.6699389365492365 -0.6346045468880398 -1.0710626034298623 0.5854332671616007 
-0.4695920454454132 -0.5206615048982378 0.8236139944833448 0.885987344275034 
